[app/ui]
version = 7.2.6
modtime = 1555688040.227780400

[app/launcher]
version = 7.2.6
modtime = 1555688040.245003900
